[[                  -9                   -9                   -9 -9223372036854775808 -9223372036854775808 -9223372036854775808                   -3]
 [                  -8                   -8                   -8                  -10 -9223372036854775808                   -4                   -2]
 [                  -7                   -7                   -7                   -9 		      -5                   -3                   -1]
 [                  -6                   -6                   -6                   -6		      -4                   -2                    0]
 [                  -6                   -5                   -5                   -5		      -3                   -1                   -1]
 [                  -6                   -5                   -4                   -4		      -2                   -1                   -2]
 [                  -6                   -5                   -4                   -3		      -2                   -1                   -2]]
11
['SE', 'SE', 'SE', 'SE', 'SE', 'SE']
[[-9 -8 -7 -6 -5 -4 -3]
 [-8 -8 -7 -6 -5 -4 -2]
 [-7 -7 -7 -6 -5 -3 -1]
 [-6 -6 -6 -6 -4 -2  0]
 [-6 -5 -5 -5 -3 -1 -1]
 [-6 -5 -4 -4 -2 -1 -2]
 [-6 -5 -4 -3 -2 -1 -2]]
["(3, 0) : 'SE' -> (4,1)", "(4, 1) : 'SE' -> (5,2)", "(5, 2) : 'SE' -> (6,3)", "(6, 3) : 'SE' -> (5,4)", "(5, 4) : 'SE' -> (4,5)", "(4, 5) : 'SE' -> (3,6)"]
