Homework 3 Write Up

No Wind
[[-6 -5 -4 -3 -3 -3 -3]
 [-6 -5 -4 -3 -2 -2 -2]
 [-6 -5 -4 -3 -2 -1 -1]
 [-6 -5 -4 -3 -2 -1  0]
 [-6 -5 -4 -3 -2 -1 -1]
 [-6 -5 -4 -3 -2 -2 -2]
 [-6 -5 -4 -3 -3 -3 -3]]
7 distinct moves to 0 reward state

Paths:
['NE', 'NE', 'NE', 'SE', 'SE', 'SE']
['SE', 'SE', 'SE', 'NE', 'NE', 'NE']


Light Wind
[[-6 -6 -6 -6 -5 -4 -3]
 [-6 -5 -5 -5 -4 -3 -2]
 [-6 -5 -4 -4 -3 -2 -1]
 [-6 -5 -4 -3 -2 -1  0]
 [-6 -5 -4 -3 -2 -1 -1]
 [-6 -5 -4 -3 -2 -1 -2]
 [-6 -5 -4 -3 -2 -2 -2]]
7 distinct moves to 0 reward state

Paths:
['NE', 'E', 'SE', 'SE', 'SE', 'SE']
['SE', 'SE', 'SE', 'SE', 'E', 'NE']

Strong Wind
[[                  -9                   -9                   -9 -9223372036854775808 -9223372036854775808 -9223372036854775808                   -3]
 [                  -8                   -8                   -8                  -10 -9223372036854775808                   -4                   -2]
 [                  -7                   -7                   -7                   -9 		      -5                   -3                   -1]
 [                  -6                   -6                   -6                   -6		      -4                   -2                    0]
 [                  -6                   -5                   -5                   -5		      -3                   -1                   -1]
 [                  -6                   -5                   -4                   -4		      -2                   -1                   -2]
 [                  -6                   -5                   -4                   -3		      -2                   -1                   -2]]

11 distinct moves to 0 reward state

Path:
['SE', 'SE', 'SE', 'SE', 'SE', 'SE']
